_C_2f12_6596b5a8_a 84 0 8 0 0 80 
_C_48e8_6596c2dd_3 84 0 8 0 0 83 
_C_48e8_6596c2dd_1 8c 0 88 0 0 66736462 0 6176652e 0 695f736c 0 625f7370 0 74 
_C_2f12_6596b5a8_9 84 0 2 0 0 2 
_C_2f12_6596b5a8_6 84 0 8 0 0 8 
_C_2f12_6596b5a8_5 84 0 2 0 0 3 
_C_2f12_6596b5a8_8 84 0 2 0 0 0 
_C_2f12_6596b5a8_7 84 0 2 0 0 1 
_C_2f12_6596b5a8_1 8c 0 90 0 0 66736462 0 7465722e 0 5f6d6173 0 5f737069 0 7462 
_C_48e8_6596c2dd_2 84 0 20 0 0 0 
_C_2f12_6596b5a8_4 84 0 20 0 0 1 
_C_2f12_6596b5a8_3 8c 0 158 0 0 2e736466 0 62696e65 0 5f636f6d 0 2f737069 0 635f7631 0 55542f64 0 49502f4f 0 495f4348 0 432f5350 0 6d652f49 0 2f686f 
_C_2f12_6596b5a8_2 94 0 20 0 0 0 
